0.743 1
4.522 1
-0.834 1
-1.213 1
-1.391 1
2.319 1
1.408 1
3.835 1
-1.287 1
0.318 1
-1.398 1
0.325 1
-1.184 1
0.005 1
3.64 1
0.674 1
-3.748 1
2.31 1
3.352 1
0.344 1
1.45 1
1.289 1
2.813 1
-0.781 1
0.762 1
0.663 1
1.006 1
-4.113 1
-0.975 1
1.151 1
2.981 1
-2.379 1
0.793 1
-0.845 1
-0.793 1
1.298 1
-0.54 1
0.02 1
0.731 1
1.612 1
-1.901 1
1.153 1
-1.602 1
2.227 1
-0.257 1
1.385 1
0.941 1
-0.925 1
-0.171 1
3.091 1
0.095 2
-6.587 2
-1.466 2
-4.618 2
0.981 2
-0.33 2
-0.204 2
9.195 2
-3.987 2
0.742 2
-5.245 2
1.396 2
-0.197 2
3.306 2
-1.653 2
-2.939 2
-3.322 2
-0.917 2
3.518 2
-0.057 2
4.128 2
9.617 2
4.867 2
1.035 2
0.015 2
-0.902 2
2.259 2
3.387 2
-0.811 2
-0.075 2
-1.352 2
-12.994 2
0.436 2
-3.335 2
-10.856 2
-4.014 2
-0.777 2
-15.954 2
13.016 2
0.567 2
1.774 2
2.782 2
-1.965 2
3.3 2
5.775 2
11.879 2
2.126 2
-4.204 2
2.626 2
1.153 2
