1.159 0.612
-1.073 -1.098
-0.002 -1.796
-1.305 -2.219
0.923 1.476
-1.122 0.808
0.086 -2.165
-0.085 1.658
-0.111 0.903
-0.011 -0.038
0.415 0.603
1.098 -2.034
1.018 0.368
1.468 -0.218
0.211 0.283
-1.682 -0.786
-0.897 1.973
-0.156 0.43
0.822 0.417
-1.121 -0.214
0.079 0.241
0.914 0.3
0.558 -0.457
0.46 0.258
0.047 0.219
0.605 -0.794
0.12 1.475
2.958 -0.403
-0.151 0.818
-0.962 -1.515
-1.908 -2.379
-0.093 0.417
0.562 -1.043
0.67 -0.913
0.549 -1.439
-0.732 -1.126
-0.02 0.104
-0.428 0.447
-1.124 -0.366
-0.027 0.678
-1.143 -0.231
0.983 -1.662
-1.187 -0.782
-0.978 -0.755
-0.024 -0.685
2.028 -0.497
-0.824 -0.264
-0.047 -0.804
0.83 -1.017
-0.169 0.587
